Compiling...
--------------------------
> 1100 0010 0000 0000 0010 1000 0001 0100
+ 1100 0010 0000 0000 0010 1000 0001 0100
> 1100 0100 0000 0000 0010 1000 0001 1000
+ 1100 0100 0000 0000 0010 1000 0001 1000
> 1000 0110 1000 0000 0100 0000 0000 0010
+ 1000 0110 1000 0000 0100 0000 0000 0010
> 1100 0110 0010 0000 0010 1000 0001 1100
+ 1100 0110 0010 0000 0010 1000 0001 1100
> 10 10011 111000 00000 0 0000000 00000
+ 10 00000 111000 01111 1 0000000000100
> 10 00000 111000 0000001 1111 0000 0000 0010 0
10 00000 11100 0011 1110 0000 0000 0100
